k mean s3000 s3001 s3002
0 0.0807 0.0586 0.0234 0.1602
10 0.0885 0.0547 0.0430 0.1680
20 0.1185 0.0859 0.0703 0.1992
30 0.1589 0.1445 0.1055 0.2266
40 0.1758 0.1758 0.1094 0.2422
50 0.2109 0.2461 0.1211 0.2656
60 0.2396 0.2578 0.1680 0.2930
70 0.2812 0.3086 0.2109 0.3242
80 0.3177 0.3477 0.2773 0.3281
90 0.3411 0.3945 0.3008 0.3281
100 0.3672 0.4023 0.3398 0.3594
110 0.4076 0.4531 0.3867 0.3828
120 0.4258 0.4648 0.4062 0.4062
130 0.4544 0.5039 0.4492 0.4102
140 0.4596 0.5156 0.4609 0.4023
150 0.4766 0.5312 0.4688 0.4297
160 0.4883 0.5391 0.4844 0.4414
170 0.4870 0.5469 0.4844 0.4297
180 0.5013 0.5742 0.4883 0.4414
190 0.5117 0.5859 0.4961 0.4531
200 0.5260 0.6094 0.5000 0.4688
