k mean s3000 s3001 s3002
0 0.2148 0.3281 0.1406 0.1758
10 0.2331 0.3398 0.1680 0.1914
20 0.2500 0.3516 0.1680 0.2305
30 0.2604 0.3789 0.1836 0.2188
40 0.2930 0.3984 0.2227 0.2578
50 0.3346 0.4336 0.2773 0.2930
60 0.3568 0.4688 0.2852 0.3164
70 0.3893 0.4961 0.3398 0.3320
80 0.4271 0.5430 0.3789 0.3594
90 0.4557 0.5547 0.4258 0.3867
100 0.4961 0.5938 0.4961 0.3984
110 0.5104 0.6016 0.4961 0.4336
120 0.5234 0.6055 0.5078 0.4570
130 0.5495 0.6289 0.5508 0.4688
140 0.5755 0.6602 0.5742 0.4922
150 0.6146 0.6914 0.6055 0.5469
160 0.6328 0.7109 0.6406 0.5469
170 0.6471 0.7227 0.6562 0.5625
180 0.6849 0.7617 0.7031 0.5898
190 0.6966 0.7656 0.7188 0.6055
200 0.7266 0.7812 0.7500 0.6484
