k mean s3000 s3001 s3002
0 0.2148 0.3281 0.1406 0.1758
10 0.3255 0.3984 0.2773 0.3008
20 0.4792 0.5820 0.4102 0.4453
30 0.6224 0.6484 0.5977 0.6211
40 0.7044 0.7305 0.6523 0.7305
50 0.7630 0.8008 0.7227 0.7656
60 0.8216 0.8438 0.7891 0.8320
70 0.8542 0.8750 0.8008 0.8867
80 0.8841 0.9062 0.8516 0.8945
90 0.8802 0.9102 0.8477 0.8828
100 0.8802 0.9062 0.8477 0.8867
110 0.8828 0.8945 0.8633 0.8906
120 0.8932 0.9102 0.8594 0.9102
130 0.8984 0.9023 0.8867 0.9062
140 0.9154 0.9219 0.8945 0.9297
150 0.9062 0.9219 0.8750 0.9219
160 0.9180 0.9414 0.8672 0.9453
170 0.9219 0.9375 0.8672 0.9609
180 0.9167 0.9258 0.8828 0.9414
190 0.9258 0.9453 0.8906 0.9414
200 0.9245 0.9531 0.8828 0.9375
