k mean s3000 s3001 s3002
0 0.2148 0.3281 0.1406 0.1758
10 0.2279 0.3398 0.1484 0.1953
20 0.2409 0.3438 0.1562 0.2227
30 0.2578 0.3594 0.1836 0.2305
40 0.2643 0.3711 0.1914 0.2305
50 0.2956 0.4062 0.2305 0.2500
60 0.3242 0.4336 0.2500 0.2891
70 0.3529 0.4648 0.2852 0.3086
80 0.3893 0.5195 0.3164 0.3320
90 0.4232 0.5273 0.3555 0.3867
100 0.4622 0.5664 0.3906 0.4297
110 0.4883 0.5820 0.4219 0.4609
120 0.5130 0.6133 0.4375 0.4883
130 0.5391 0.6367 0.4531 0.5273
140 0.5820 0.6445 0.5156 0.5859
150 0.6081 0.6680 0.5508 0.6055
160 0.6549 0.6875 0.6016 0.6758
170 0.6771 0.6992 0.6289 0.7031
180 0.7083 0.7266 0.6562 0.7422
190 0.7409 0.7500 0.6875 0.7852
200 0.7552 0.7578 0.7148 0.7930
