k mean s3000 s3001 s3002
0 0.2839 0.3477 0.1719 0.3320
10 0.3190 0.3789 0.2227 0.3555
20 0.3789 0.4570 0.2734 0.4062
30 0.4609 0.5508 0.3672 0.4648
40 0.5221 0.6094 0.4453 0.5117
50 0.5742 0.6758 0.5039 0.5430
60 0.6315 0.7070 0.5820 0.6055
70 0.6745 0.7461 0.6250 0.6523
80 0.7227 0.7891 0.6758 0.7031
90 0.7578 0.8047 0.7266 0.7422
100 0.7943 0.8086 0.7891 0.7852
110 0.8164 0.8320 0.8008 0.8164
120 0.8242 0.8477 0.7969 0.8281
130 0.8424 0.8672 0.8047 0.8555
140 0.8555 0.8828 0.8086 0.8750
150 0.8789 0.9062 0.8320 0.8984
160 0.8932 0.9180 0.8438 0.9180
170 0.8932 0.9141 0.8398 0.9258
180 0.9036 0.9297 0.8672 0.9141
190 0.9023 0.9102 0.8750 0.9219
200 0.9036 0.9219 0.8828 0.9062
