k mean s3000 s3001 s3002
0 0.2305 0.2617 0.1602 0.2695
10 0.3607 0.4219 0.3242 0.3359
20 0.5000 0.5977 0.4375 0.4648
30 0.5820 0.6914 0.4883 0.5664
40 0.6432 0.7695 0.5195 0.6406
50 0.6771 0.7852 0.5742 0.6719
60 0.7305 0.8242 0.6289 0.7383
70 0.7591 0.8320 0.6914 0.7539
80 0.8086 0.8477 0.7852 0.7930
90 0.8255 0.8516 0.8164 0.8086
100 0.8555 0.8867 0.8281 0.8516
110 0.8555 0.8789 0.8281 0.8594
120 0.8789 0.8945 0.8672 0.8750
130 0.8776 0.9102 0.8594 0.8633
140 0.8880 0.9102 0.8711 0.8828
150 0.9062 0.9297 0.8906 0.8984
160 0.9115 0.9297 0.8906 0.9141
170 0.9180 0.9375 0.8867 0.9297
180 0.9258 0.9492 0.9062 0.9219
190 0.9284 0.9375 0.9258 0.9219
200 0.9193 0.9180 0.9258 0.9141
