k mean s3000 s3001 s3002
0 0.2148 0.3281 0.1406 0.1758
10 0.2161 0.3281 0.1445 0.1758
20 0.2227 0.3320 0.1406 0.1953
30 0.2214 0.3398 0.1484 0.1758
40 0.2344 0.3438 0.1680 0.1914
50 0.2370 0.3398 0.1602 0.2109
60 0.2396 0.3477 0.1641 0.2070
70 0.2396 0.3477 0.1602 0.2109
80 0.2474 0.3555 0.1758 0.2109
90 0.2552 0.3711 0.1758 0.2188
100 0.2604 0.3828 0.1836 0.2148
110 0.2708 0.3867 0.1992 0.2266
120 0.2747 0.3906 0.1953 0.2383
130 0.2812 0.3984 0.2031 0.2422
140 0.3047 0.4375 0.2266 0.2500
150 0.3060 0.4219 0.2383 0.2578
160 0.3138 0.4336 0.2539 0.2539
170 0.3307 0.4570 0.2539 0.2812
180 0.3411 0.4570 0.2617 0.3047
190 0.3516 0.4766 0.2734 0.3047
200 0.3672 0.4883 0.3164 0.2969
