k mean s3000 s3001 s3002
0 0.0807 0.0586 0.0234 0.1602
10 0.0807 0.0586 0.0312 0.1523
20 0.0807 0.0586 0.0234 0.1602
30 0.0846 0.0625 0.0312 0.1602
40 0.0885 0.0625 0.0312 0.1719
50 0.0859 0.0547 0.0352 0.1680
60 0.0885 0.0586 0.0352 0.1719
70 0.0898 0.0586 0.0391 0.1719
80 0.0977 0.0703 0.0352 0.1875
90 0.1029 0.0859 0.0391 0.1836
100 0.1146 0.0859 0.0508 0.2070
110 0.1263 0.1016 0.0664 0.2109
120 0.1328 0.1133 0.0625 0.2227
130 0.1432 0.1211 0.0820 0.2266
140 0.1497 0.1289 0.0859 0.2344
150 0.1745 0.1758 0.1016 0.2461
160 0.1719 0.1641 0.0977 0.2539
170 0.1719 0.1758 0.1016 0.2383
180 0.1849 0.1953 0.1055 0.2539
190 0.2031 0.2266 0.1133 0.2695
200 0.2188 0.2578 0.1250 0.2734
