k mean s3000 s3001 s3002
0 0.1419 0.1719 0.1133 0.1406
10 0.2122 0.2773 0.1289 0.2305
20 0.2878 0.3359 0.2070 0.3203
30 0.3698 0.4141 0.3047 0.3906
40 0.4062 0.4375 0.3438 0.4375
50 0.4583 0.4727 0.3945 0.5078
60 0.4792 0.4766 0.4414 0.5195
70 0.5026 0.4922 0.4922 0.5234
80 0.5299 0.5508 0.5156 0.5234
90 0.5781 0.6094 0.5586 0.5664
100 0.5859 0.5938 0.5859 0.5781
110 0.6055 0.6133 0.5938 0.6094
120 0.6497 0.6484 0.6289 0.6719
130 0.6693 0.6758 0.6367 0.6953
140 0.6901 0.6875 0.6602 0.7227
150 0.7031 0.7070 0.6758 0.7266
160 0.7083 0.7383 0.6641 0.7227
170 0.7227 0.7305 0.6875 0.7500
180 0.7227 0.7383 0.6836 0.7461
190 0.7279 0.7461 0.7227 0.7148
200 0.7604 0.7617 0.7500 0.7695
