k mean s3000 s3001 s3002
0 0.0807 0.0586 0.0234 0.1602
10 0.1549 0.1523 0.1016 0.2109
20 0.3255 0.3477 0.2773 0.3516
30 0.4258 0.4883 0.3984 0.3906
40 0.4714 0.5273 0.4688 0.4180
50 0.5143 0.5898 0.4805 0.4727
60 0.5378 0.6055 0.4922 0.5156
70 0.5794 0.6328 0.5352 0.5703
80 0.5990 0.6562 0.5352 0.6055
90 0.6081 0.6953 0.5352 0.5938
100 0.6289 0.6914 0.5625 0.6328
110 0.6445 0.7031 0.5820 0.6484
120 0.6471 0.7070 0.5742 0.6602
130 0.6536 0.7266 0.5586 0.6758
140 0.6732 0.7383 0.5977 0.6836
150 0.6771 0.7344 0.6133 0.6836
160 0.6901 0.7266 0.6445 0.6992
170 0.6992 0.7266 0.6562 0.7148
180 0.7135 0.7305 0.6719 0.7383
190 0.7109 0.7305 0.6875 0.7148
200 0.7188 0.7383 0.6992 0.7188
