k mean s3000 s3001 s3002
0 0.0768 0.0352 0.1523 0.0430
10 0.0938 0.0508 0.1680 0.0625
20 0.1484 0.1094 0.2266 0.1094
30 0.2396 0.2227 0.3281 0.1680
40 0.3607 0.3477 0.4492 0.2852
50 0.4258 0.4258 0.4961 0.3555
60 0.4648 0.4648 0.5117 0.4180
70 0.5143 0.5234 0.5586 0.4609
80 0.5547 0.5508 0.6094 0.5039
90 0.5768 0.5859 0.6406 0.5039
100 0.5964 0.6172 0.6406 0.5312
110 0.6211 0.6523 0.6602 0.5508
120 0.6315 0.6641 0.6445 0.5859
130 0.6419 0.6602 0.6562 0.6094
140 0.6497 0.6602 0.6797 0.6094
150 0.6719 0.6836 0.7070 0.6250
160 0.6901 0.7109 0.7109 0.6484
170 0.6836 0.6797 0.7305 0.6406
180 0.7031 0.6953 0.7305 0.6836
190 0.7240 0.7227 0.7305 0.7188
200 0.7279 0.7266 0.7344 0.7227
