k mean s3000 s3001 s3002
0 0.0807 0.0586 0.0234 0.1602
10 0.0807 0.0586 0.0312 0.1523
20 0.0911 0.0586 0.0352 0.1797
30 0.1237 0.0938 0.0664 0.2109
40 0.1536 0.1250 0.0898 0.2461
50 0.1875 0.2148 0.1016 0.2461
60 0.2083 0.2188 0.1406 0.2656
70 0.2435 0.2578 0.1719 0.3008
80 0.2839 0.3125 0.2305 0.3086
90 0.3138 0.3594 0.2539 0.3281
100 0.3411 0.3828 0.3047 0.3359
110 0.3828 0.4141 0.3828 0.3516
120 0.4010 0.4453 0.3789 0.3789
130 0.4349 0.4805 0.4219 0.4023
140 0.4453 0.4922 0.4492 0.3945
150 0.4596 0.5078 0.4570 0.4141
160 0.4792 0.5234 0.4805 0.4336
170 0.4870 0.5391 0.4805 0.4414
180 0.4961 0.5547 0.4883 0.4453
190 0.5039 0.5664 0.4883 0.4570
200 0.5260 0.5898 0.5117 0.4766
