k mean s3000 s3001 s3002
0 0.2148 0.3281 0.1406 0.1758
10 0.2344 0.3359 0.1602 0.2070
20 0.2565 0.3555 0.1875 0.2266
30 0.2812 0.3828 0.2227 0.2383
40 0.3125 0.4102 0.2539 0.2734
50 0.3568 0.4570 0.2969 0.3164
60 0.3906 0.4961 0.3242 0.3516
70 0.4115 0.5234 0.3516 0.3594
80 0.4518 0.5664 0.4062 0.3828
90 0.4740 0.5703 0.4570 0.3945
100 0.5169 0.6055 0.5234 0.4219
110 0.5260 0.6055 0.5273 0.4453
120 0.5586 0.6211 0.5859 0.4688
130 0.5716 0.6445 0.5859 0.4844
140 0.6003 0.6797 0.6250 0.4961
150 0.6302 0.7031 0.6406 0.5469
160 0.6615 0.7266 0.6992 0.5586
170 0.6745 0.7461 0.7070 0.5703
180 0.7070 0.7773 0.7305 0.6133
190 0.7174 0.7812 0.7422 0.6289
200 0.7383 0.8008 0.7578 0.6562
