k mean s3000 s3001 s3002
0 0.0807 0.0586 0.0234 0.1602
10 0.0833 0.0664 0.0312 0.1523
20 0.0872 0.0664 0.0273 0.1680
30 0.1016 0.0742 0.0508 0.1797
40 0.1146 0.0820 0.0547 0.2070
50 0.1354 0.1250 0.0703 0.2109
60 0.1549 0.1406 0.0977 0.2266
70 0.1758 0.1680 0.1133 0.2461
80 0.2031 0.1992 0.1484 0.2617
90 0.2279 0.2461 0.1562 0.2812
100 0.2513 0.2617 0.1836 0.3086
110 0.2930 0.3047 0.2266 0.3477
120 0.3203 0.3281 0.2539 0.3789
130 0.3633 0.3516 0.3281 0.4102
140 0.3867 0.3789 0.3438 0.4375
150 0.4206 0.4492 0.3750 0.4375
160 0.4453 0.4688 0.4102 0.4570
170 0.4766 0.5234 0.4414 0.4648
180 0.5026 0.5391 0.4883 0.4805
190 0.5221 0.5742 0.5039 0.4883
200 0.5208 0.5820 0.5078 0.4727
